[
    [
        [
            71174.96144957478,
            21012.857594133926,
            -2255.071344065388,
            -349.2192666300489,
            457.0691927814412,
            -4642.240119282445,
            0.0,
            0.0
        ],
        [
            21012.857594133926,
            41167.54540178241,
            12465.703883607215,
            457.0691927814412,
            480.7188207657073,
            -2456.08659926972,
            0.0,
            0.0
        ],
        [
            -2255.071344065388,
            12465.703883607215,
            22222.61310792641,
            -4642.240119282445,
            -2456.08659926972,
            470.58185574571735,
            0.0,
            0.0
        ],
        [
            -349.2192666300489,
            457.0691927814412,
            -4642.240119282445,
            4862.078736203586,
            1930.4993529749518,
            -582.2628696573821,
            0.0,
            0.0
        ],
        [
            457.0691927814412,
            480.7188207657073,
            -2456.08659926972,
            1930.4993529749518,
            3982.7723312913513,
            1113.0895176044664,
            0.0,
            0.0
        ],
        [
            -4642.240119282445,
            -2456.08659926972,
            470.58185574571735,
            -582.2628696573821,
            1113.0895176044664,
            2030.5703192546107,
            0.0,
            0.0
        ],
        [
            0.0,
            0.0,
            0.0,
            0.0,
            0.0,
            0.0,
            4400.257127633931,
            64.79749748820102
        ],
        [
            0.0,
            0.0,
            0.0,
            0.0,
            0.0,
            0.0,
            64.79749748820102,
            4567.669678617674
        ]
    ]
]