[
    [
        [
            46722.79172736288,
            20391.280527556253,
            -2255.071344065388,
            1579.7702261358454,
            -467.5929014959877,
            -3816.9074425730646,
            0.0,
            0.0
        ],
        [
            20391.280527556253,
            39198.03631883668,
            12465.703883607215,
            -467.5929014959877,
            -644.58442314387,
            -2419.4088620882403,
            0.0,
            0.0
        ],
        [
            -2255.071344065388,
            12465.703883607215,
            21402.138169755228,
            -3816.9074425730646,
            -2419.4088620882403,
            -467.5929014959877,
            0.0,
            0.0
        ],
        [
            1579.7702261358454,
            -467.5929014959877,
            -3816.9074425730646,
            2114.477613242906,
            1171.8796557727765,
            -175.42041043751226,
            0.0,
            0.0
        ],
        [
            -467.5929014959877,
            -644.58442314387,
            -2419.4088620882403,
            1171.8796557727765,
            2131.3951700556127,
            661.3014358433711,
            0.0,
            0.0
        ],
        [
            -3816.9074425730646,
            -2419.4088620882403,
            -467.5929014959877,
            -175.42041043751226,
            661.3014358433711,
            1224.452676980808,
            0.0,
            0.0
        ],
        [
            0.0,
            0.0,
            0.0,
            0.0,
            0.0,
            0.0,
            3699.4420358226525,
            64.79749748820102
        ],
        [
            0.0,
            0.0,
            0.0,
            0.0,
            0.0,
            0.0,
            64.79749748820102,
            3747.194740446492
        ]
    ]
]